tree
version=v4
num_class=1
num_tree_per_iteration=1
label_index=0
max_feature_idx=6
objective=lambdarank
feature_names=dense_score bm25_score_normalized cross_encoder_score recency_score category_match keyword_overlap historical_acceptance_rate
feature_infos=[0:0.95621329545974731] [0:1] [-11.387286186218262:10.80406379699707] [0:0.69999998807907104] none [0:1] none
tree_sizes=780 779 775 778 784 783 773 785 778 779 782 783 783 775 781 779 783 785 783 783 784 786 784 781 787 781 787 777 779

Tree=0
num_leaves=6
num_cat=0
split_feature=1 0 0 1 1
split_gain=1029.44 35.4926 31.4655 8.69868 5.66049
threshold=0.81983324885368358 0.88392797112464916 0.85595166683197033 0.67230191826820385 0.92060989141464245
decision_type=2 2 2 2 2
left_child=1 -1 -2 -3 -4
right_child=2 3 4 -5 -6
leaf_value=-0.033476997904702537 -0.017716631655571177 -0.014322172120553298 0.019043146081703526 0.018553630126113326 0.037825184678255734
leaf_weight=182.10916850465583 3.7361684085335574 5.0662761440034938 10.407204418210311 5.8484163885004818 159.68853580550058
leaf_count=4017 102 122 115 56 335
internal_value=0.000325207 -0.0313867 0.0355278 0.00320451 0.0368057
internal_weight=366.856 193.024 173.832 10.9147 170.096
internal_count=4747 4195 552 178 450
is_linear=0
shrinkage=0.02


Tree=1
num_leaves=6
num_cat=0
split_feature=1 2 2 2 2
split_gain=1206.57 105.368 29.2977 25.5661 17.4219
threshold=0.92060989141464245 4.1140885353088388 4.3360800743103036 7.047962188720704 1.3308370113372805
decision_type=2 2 2 2 2
left_child=1 4 -2 -3 -1
right_child=2 3 -4 -5 -6
leaf_value=-0.023974104052075777 -0.012461489082011891 -0.0063474490263523767 0.032749409015049212 0.01459468952614865 -0.01430739449558082
leaf_weight=349.41776787489653 5.2979990839958182 69.967011467553675 297.04581414442509 33.718818821012974 103.64843147993088
leaf_count=2887 28 530 345 136 818
internal_value=-0.000187893 -0.0176493 0.0319121 0.000518226 -0.0218034
internal_weight=859.096 556.752 302.344 103.686 453.066
internal_count=4744 4371 373 666 3705
is_linear=0
shrinkage=0.02


Tree=2
num_leaves=6
num_cat=0
split_feature=1 2 1 1 2
split_gain=966.748 74.8985 26.513 20.7631 14.6232
threshold=0.9121084213256837 6.8669414520263681 0.99999988079071056 0.61489820480346691 4.3360800743103036
decision_type=2 2 2 2 2
left_child=1 3 -2 -1 -4
right_child=2 -3 4 -5 -6
leaf_value=-0.02022586763343362 0.016812504665732021 0.013363550783601762 -0.01708848691380711 -0.0089849883529143429 0.033455682043602136
leaf_weight=404.06771939061582 54.489190552849323 30.950237328652292 1.694668062031268 82.120693316683173 219.58611146360636
leaf_count=3572 151 140 10 673 229
internal_value=-0.000307331 -0.0164294 0.0298686 -0.0183536 0.0329845
internal_weight=792.909 517.139 275.77 486.188 221.281
internal_count=4775 4385 390 4245 239
is_linear=0
shrinkage=0.02


Tree=3
num_leaves=6
num_cat=0
split_feature=1 1 0 1 0
split_gain=796.774 55.9571 26.8391 25.318 13.6209
threshold=0.7855234444141389 0.98799186944961559 0.86048817634582531 0.61489820480346691 0.82631424069404613
decision_type=2 2 2 2 2
left_child=3 2 -2 -1 -5
right_child=1 -3 -4 4 -6
leaf_value=-0.01707463581565322 -0.012193072794407461 0.032902526169213339 0.018049802665341834 -0.020088592982603605 0.00068068798371140999
leaf_weight=409.63011088082567 13.129883987829087 197.59036679565907 73.313550525344908 15.281170057132838 55.328851711004972
leaf_count=3600 126 243 255 143 410
internal_value=0.000524126 0.0270255 0.0133464 -0.0151693 -0.00400396
internal_weight=764.274 284.034 86.4434 480.24 70.61
internal_count=4777 624 381 4153 553
is_linear=0
shrinkage=0.02


Tree=4
num_leaves=6
num_cat=0
split_feature=2 2 0 0 0
split_gain=623.131 62.9254 14.8612 13.6242 7.09305
threshold=4.4138431549072275 7.5602455139160165 0.86807358264923107 0.87297374010086071 1.0000000180025095e-35
decision_type=2 2 2 2 2
left_child=2 3 4 -2 -1
right_child=1 -3 -4 -5 -6
leaf_value=-0.020144129283997333 0.0022297707399700989 0.030733253750564127 -0.0014159561909598698 0.016385476628297924 -0.014034721322480431
leaf_weight=116.58170966524631 40.933298849500716 167.2183576952666 31.406717255711555 84.397479938808829 297.80071102082729
leaf_count=1062 312 276 233 369 2570
internal_value=7.11787e-05 0.0227106 -0.014799 0.0118323 -0.0158027
internal_weight=738.338 292.549 445.789 125.331 414.382
internal_count=4822 957 3865 681 3632
is_linear=0
shrinkage=0.02


Tree=5
num_leaves=6
num_cat=0
split_feature=1 0 2 2 0
split_gain=644.379 39.2851 13.542 11.0212 8.2318
threshold=0.92060989141464245 0.87042921781539928 4.1140885353088388 8.5119581222534197 1.0000000180025095e-35
decision_type=2 2 2 2 2
left_child=1 4 -2 -3 -1
right_child=2 3 -4 -5 -6
leaf_value=-0.020049829570042563 -0.0087598798233945313 -0.003003402349061662 0.029939368987188481 0.016379194713290402 -0.013328238124860191
leaf_weight=104.86279108282179 3.193472132086753 61.93624042160809 203.60922126565129 13.415578481741248 313.75441026687622
leaf_count=1048 28 507 330 44 2818
internal_value=-0.000261372 -0.0126726 0.0292929 0.000590591 -0.0150605
internal_weight=700.772 493.969 206.803 75.3518 418.617
internal_count=4775 4417 358 551 3866
is_linear=0
shrinkage=0.02


Tree=6
num_leaves=6
num_cat=0
split_feature=1 2 2 2 1
split_gain=629.66 34.0692 17.9867 12.96 8.98608
threshold=0.9121084213256837 7.047962188720704 4.1140885353088388 1.2121069431304934 0.98443233966827404
decision_type=2 2 2 2 2
left_child=1 3 -2 -1 -4
right_child=2 -3 4 -5 -6
leaf_value=-0.01632711900690012 -0.012090921218361148 0.010381216757968834 0.017984130043550494 -0.0088599523783675846 0.030890612368533854
leaf_weight=305.20738774351776 3.7454372309148303 23.399092665407807 31.128282905556262 141.99017331469804 182.3309362931177
leaf_count=2870 31 129 117 1376 252
internal_value=0.000244699 -0.0127505 0.0283387 -0.0139857 0.0291104
internal_weight=687.801 470.597 217.205 447.198 213.459
internal_count=4775 4375 400 4246 369
is_linear=0
shrinkage=0.02


Tree=7
num_leaves=6
num_cat=0
split_feature=1 1 0 2 0
split_gain=532.357 28.331 14.9835 14.6268 8.57996
threshold=0.9121084213256837 0.71710589528083812 0.87164434790611278 3.8679765462875371 1.0000000180025095e-35
decision_type=2 2 2 2 2
left_child=1 4 -3 -2 -1
right_child=3 2 -4 -5 -6
leaf_value=-0.01899886186982961 -0.010309132153276142 -0.0098652335866288177 0.010838492308780485 0.028395880715013515 -0.011891214845586751
leaf_weight=92.107025606557727 3.4411408789455882 23.918272763956338 30.811668093316257 188.51208552764729 328.54711142368615
leaf_count=1006 29 251 157 342 3016
internal_value=-0.000381692 -0.0117357 0.00173993 0.0276418 -0.0134936
internal_weight=667.337 475.384 54.7299 191.953 420.654
internal_count=4801 4430 408 371 4022
is_linear=0
shrinkage=0.02


Tree=8
num_leaves=6
num_cat=0
split_feature=1 2 0 2 1
split_gain=527.463 32.8881 13.6102 10.3594 8.94446
threshold=0.9121084213256837 7.047962188720704 0.82705426216125499 4.4138431549072275 0.99999988079071056
decision_type=2 2 2 2 2
left_child=1 2 -1 -2 -5
right_child=3 -3 -4 4 -6
leaf_value=-0.016883706012193016 -0.0004419610841001769 0.011270397988430389 -0.0095742792934660308 0.018241473268417848 0.030372763977875521
leaf_weight=171.26541265845299 5.0060539580881587 23.879504511132836 272.61218252638355 36.618391562253237 158.96408319380134
leaf_count=1761 33 127 2546 131 236
internal_value=0.000436838 -0.011195 -0.0124307 0.0274922 0.028216
internal_weight=668.346 467.757 443.878 200.589 195.582
internal_count=4834 4434 4307 400 367
is_linear=0
shrinkage=0.02


Tree=9
num_leaves=6
num_cat=0
split_feature=1 0 0 1 1
split_gain=449.342 38.2555 19.4889 8.7872 8.0882
threshold=0.86760345101356517 0.88392797112464916 0.86398807168006908 0.99999988079071056 0.65402314066886913
decision_type=2 2 2 2 2
left_child=1 -1 -2 -4 -3
right_child=2 4 3 -5 -6
leaf_value=-0.012975183623435084 -0.00038134585902096423 -0.0049649369742052595 0.017672611124908363 0.029311790965038265 0.015513165315588757
leaf_weight=409.59184692520648 10.98785392497666 10.62407778110355 40.389811147004366 140.44407616648823 22.888000100851059
leaf_count=4063 91 118 157 218 97
internal_value=-0.000219782 -0.0112916 0.0252714 0.0268346 0.00900745
internal_weight=634.926 443.104 191.822 180.834 33.5121
internal_count=4744 4278 466 375 215
is_linear=0
shrinkage=0.02


Tree=10
num_leaves=6
num_cat=0
split_feature=1 2 2 0 1
split_gain=458.91 34.4982 18.0676 13.959 5.75571
threshold=0.92060989141464245 6.8669414520263681 4.6581020355224618 1.0000000180025095e-35 0.99999988079071056
decision_type=2 2 2 2 2
left_child=1 3 -2 -1 -4
right_child=2 -3 4 -5 -6
leaf_value=-0.018709804234445807 -0.010062068699026561 0.011863151613380451 0.019619933319512922 -0.0096119940153851936 0.030040632469898059
leaf_weight=86.058157599531114 4.554749807342886 26.055081080645323 35.921089574694633 346.00308859162033 144.84061261732131
leaf_count=1047 33 150 115 3196 223
internal_value=0.000627478 -0.0101135 0.0271025 -0.0114677 0.0281002
internal_weight=643.433 458.116 185.316 432.061 180.762
internal_count=4764 4393 371 4243 338
is_linear=0
shrinkage=0.02


Tree=11
num_leaves=6
num_cat=0
split_feature=2 0 2 0 0
split_gain=388.186 25.7069 14.8157 12.6536 5.18172
threshold=5.7660217285156259 0.86682024598121654 7.5602455139160165 1.0000000180025095e-35 0.87720131874084484
decision_type=2 2 2 2 2
left_child=1 3 4 -1 -2
right_child=2 -3 -4 -5 -6
leaf_value=-0.019134453458515558 0.0043405673420365545 0.0022612506443462754 0.026940886245628605 -0.010103130239721409 0.018051736748432429
leaf_weight=82.007549674250185 15.949452500557525 56.471227893605828 141.00315638910979 287.41392159741372 46.055031939875335
leaf_count=1066 134 456 289 2653 204
internal_value=0.000600818 -0.010242 0.0232966 -0.0121596 0.0146814
internal_weight=628.9 425.893 203.008 369.421 62.0045
internal_count=4802 4175 627 3719 338
is_linear=0
shrinkage=0.02


Tree=12
num_leaves=6
num_cat=0
split_feature=2 2 2 0 0
split_gain=332.857 21.6086 12.1166 8.42175 7.94785
threshold=5.7660217285156259 1.2121069431304934 7.5602455139160165 0.90449994802474987 0.87720131874084484
decision_type=2 2 2 2 2
left_child=1 -1 4 -3 -2
right_child=2 3 -4 -5 -6
leaf_value=-0.013175224060923845 0.00016648864616108984 -0.0043814167492521898 0.025600544654337382 0.021353500921849369 0.017987581352329782
leaf_weight=287.11888853088021 13.263439117465166 129.20859105885029 127.19351428840309 4.289831990376114 43.153805369045585
leaf_count=2881 122 1276 267 13 201
internal_value=-0.000279488 -0.0100887 0.0221137 -0.00338697 0.0139086
internal_weight=604.228 420.617 183.611 133.498 56.4172
internal_count=4760 4170 590 1289 323
is_linear=0
shrinkage=0.02


Tree=13
num_leaves=6
num_cat=0
split_feature=1 2 1 5 2
split_gain=366.026 30.4101 21.6278 11.6442 10.8063
threshold=0.86760345101356517 7.6350536346435556 0.99999988079071056 0.61250001192092907 3.8679765462875371
decision_type=2 2 2 2 2
left_child=1 -1 3 -2 -4
right_child=2 -3 4 -5 -6
leaf_value=-0.011336068686541348 0.014818865140783484 0.020139348183969209 -0.016768774169850439 -0.013091403114510593 0.027838291217804595
leaf_weight=408.23083072621375 33.877129953820258 11.729346313513814 1.5327372029423703 6.3308297125622621 139.44475144334137
leaf_count=4236 174 51 13 51 235
internal_value=-0.000153731 -0.0104065 0.0235262 0.0101648 0.0272245
internal_weight=601.146 419.96 181.185 40.208 140.977
internal_count=4760 4287 473 225 248
is_linear=0
shrinkage=0.02


Tree=14
num_leaves=6
num_cat=0
split_feature=1 2 2 0 2
split_gain=332.355 31.784 14.0452 8.68719 4.17277
threshold=0.92060989141464245 7.047962188720704 1.2121069431304934 0.85190552473068248 7.5602455139160165
decision_type=2 2 2 2 2
left_child=1 2 -1 -2 -5
right_child=3 -3 -4 4 -6
leaf_value=-0.012278979795697038 -0.007338148206606018 0.014378139058946532 -0.0043626011324548091 0.019919994306027821 0.028280007391878411
leaf_weight=284.08472872618586 2.7447164596524081 22.094507042318583 134.36454319115728 50.498585561756045 105.98525333963335
leaf_count=2889 25 126 1414 162 177
internal_value=0.000437572 -0.00851339 -0.00975825 0.0251136 0.0257385
internal_weight=599.772 440.544 418.449 159.229 156.484
internal_count=4793 4429 4303 364 339
is_linear=0
shrinkage=0.02


Tree=15
num_leaves=6
num_cat=0
split_feature=1 1 1 2 2
split_gain=318.154 27.5768 11.3297 7.45821 6.42795
threshold=0.9121084213256837 0.62900117039680492 0.99999988079071056 4.5659072399139413 8.5119581222534197
decision_type=2 2 2 2 2
left_child=1 4 -2 -3 -1
right_child=2 3 -4 -5 -6
leaf_value=-0.011254295151866864 0.013157835273839307 -0.0039571621172093761 0.026913179313420601 0.0079601250189641586 0.01901803380220761
leaf_weight=356.59847620502114 34.044784506317228 42.580865007825196 127.02687179390341 39.447974809678271 1.9137043775990594
leaf_count=3704 155 442 237 292 8
internal_value=0.00014791 -0.00864606 0.0241173 0.00177666 -0.0110347
internal_weight=601.613 440.541 161.072 82.0288 358.512
internal_count=4838 4446 392 734 3712
is_linear=0
shrinkage=0.02


Tree=16
num_leaves=6
num_cat=0
split_feature=1 2 2 0 1
split_gain=281.036 16.5755 13.5516 10.9775 8.08997
threshold=0.89061343669891369 8.9396066665649432 4.3360800743103036 0.82092544436454784 0.99999988079071056
decision_type=2 2 2 2 2
left_child=1 3 -2 -1 -4
right_child=2 -3 4 -5 -6
leaf_value=-0.014161874576724891 -0.011669418291829759 0.018112866446121059 0.014514214507813896 -0.0070579803860232986 0.02633399287492022
leaf_weight=128.15225090831518 3.8283857908099881 8.0904601253569108 35.599255873821676 289.89471583906561 114.95015114080161
leaf_count=1490 45 23 165 2855 219
internal_value=-0.000321948 -0.00870332 0.0227078 -0.00926905 0.0236665
internal_weight=580.515 426.137 154.378 418.047 150.549
internal_count=4797 4368 429 4345 384
is_linear=0
shrinkage=0.02


Tree=17
num_leaves=6
num_cat=0
split_feature=1 2 0 0 0
split_gain=284.322 21.1918 10.0891 7.454 5.83119
threshold=0.92060989141464245 4.5659072399139413 0.85190552473068248 1.0000000180025095e-35 0.9011460840702058
decision_type=2 2 2 2 2
left_child=1 3 -2 -1 -3
right_child=2 4 -4 -5 -6
leaf_value=-0.015881332613327401 -0.0093599701872467394 -0.00069237617336460487 0.024411356866870224 -0.0086618633377655348 0.014040502402625211
leaf_weight=74.175749182701111 3.0521433042595154 46.923072190023959 145.4610452526249 295.15545567777008 12.824173155240713
leaf_count=1052 28 521 335 2817 67
internal_value=-0.00010862 -0.0083711 0.023646 -0.0101562 0.00261605
internal_weight=577.592 429.078 148.513 369.331 59.7472
internal_count=4820 4457 363 3869 588
is_linear=0
shrinkage=0.02


Tree=18
num_leaves=6
num_cat=0
split_feature=2 2 0 0 2
split_gain=242.379 29.4727 8.43939 7.94559 4.0205
threshold=4.5659072399139413 7.5602455139160165 0.89095371961593639 0.82705426216125499 1.2121069431304934
decision_type=2 2 2 2 2
left_child=3 2 -2 -1 -5
right_child=1 -3 -4 4 -6
leaf_value=-0.013483940782613467 0.0036782561548052116 0.023912589255779739 0.016633878570296128 -0.0094163523992524967 -0.0037321953584205127
leaf_weight=142.94522471260279 56.819840352283791 116.99155164137483 31.316694585606456 138.53110883478075 82.735596941784024
leaf_count=1734 503 280 150 1307 823
internal_value=4.15732e-06 0.017347 0.00843906 -0.00977882 -0.0073263
internal_weight=569.34 205.128 88.1365 364.212 221.267
internal_count=4797 933 653 3864 2130
is_linear=0
shrinkage=0.02


Tree=19
num_leaves=6
num_cat=0
split_feature=2 2 2 0 2
split_gain=246.488 20.4487 11.7156 7.2513 3.5049
threshold=5.7660217285156259 1.1575947999954226 7.047962188720704 0.9011460840702058 -3.3217853307723995
decision_type=2 2 2 2 2
left_child=1 4 -2 -3 -1
right_child=2 3 -4 -5 -6
leaf_value=-0.013958520305793204 0.0097374256903129137 -0.0027653145972609361 0.023048013538483011 0.019224288220146754 -0.0091226116651907802
leaf_weight=125.95820012129843 36.21233499981463 122.73248392064124 135.11512767826207 5.2951680198311797 142.99720789026469
leaf_count=1377 258 1297 366 20 1508
internal_value=0.000334821 -0.00831422 0.0203191 -0.00169839 -0.0114381
internal_weight=568.311 396.983 171.327 128.028 268.955
internal_count=4826 4202 624 1317 2885
is_linear=0
shrinkage=0.02


Tree=20
num_leaves=6
num_cat=0
split_feature=1 1 1 0 0
split_gain=261.131 18.1333 12.1945 6.13683 5.48549
threshold=0.89061343669891369 0.62900117039680492 0.99999988079071056 0.82631424069404613 0.86048817634582531
decision_type=2 2 2 2 2
left_child=1 -1 4 -3 -2
right_child=2 3 -4 -5 -6
leaf_value=-0.010469075974901064 -0.013249639493627206 -0.011958872484425089 0.025131000524368327 0.0034291721572837532 0.013568608010134152
leaf_weight=329.03400600608438 2.4717867956496766 11.553052084520457 118.28919623047113 58.188107497058809 34.971904950216413
leaf_count=3646 44 151 243 539 150
internal_value=6.41582e-05 -0.00851055 0.0219478 0.000718759 0.0114476
internal_weight=554.508 398.775 155.733 69.7412 37.4437
internal_count=4773 4336 437 690 194
is_linear=0
shrinkage=0.02


Tree=21
num_leaves=6
num_cat=0
split_feature=1 0 1 0 1
split_gain=244.932 19.6509 10.6997 8.68853 2.09895
threshold=0.92060989141464245 0.90449994802474987 0.0685858689248562 0.86048817634582531 0.64418470859527599
decision_type=2 2 2 2 2
left_child=1 2 -1 -2 -3
right_child=3 4 -4 -5 -6
leaf_value=-0.014119461683613783 -0.0049944697125462751 -0.0082794257289105118 -0.0065898209990263995 0.023490584243807639 0.017474872652809174
leaf_weight=105.19060369115323 3.9721896881237617 0.70792115200310846 284.70103558013216 137.70464025298133 12.359664348885415
leaf_count=1126 43 12 3234 328 45
internal_value=0.000118512 -0.00783434 -0.00865732 0.0226485 0.0154481
internal_weight=544.636 402.959 389.892 141.677 13.0676
internal_count=4788 4417 4360 371 57
is_linear=0
shrinkage=0.02


Tree=22
num_leaves=6
num_cat=0
split_feature=1 0 1 5 2
split_gain=234.506 27.4441 7.82922 6.49996 4.97257
threshold=0.73871979117393505 0.87164434790611278 0.99999997019767772 0.26785714924335485 1.6049624085426333
decision_type=2 2 2 2 2
left_child=3 4 -3 -1 -2
right_child=1 2 -4 -5 -6
leaf_value=-0.011499677121919882 -0.015254398623635883 0.015324876523478683 0.025213442549682896 -0.0057259007569420272 0.0043887293762994283
leaf_weight=226.21531338896602 5.6029596328735378 60.311630527954549 96.337530884891748 126.80529479449615 22.495651885867119
leaf_count=2551 82 275 194 1502 205
internal_value=9.1869e-05 0.0182947 0.0215403 -0.00945341 1.34673e-05
internal_weight=537.768 184.748 156.649 353.021 28.0986
internal_count=4809 756 469 4053 287
is_linear=0
shrinkage=0.02


Tree=23
num_leaves=6
num_cat=0
split_feature=1 1 1 1 0
split_gain=235.147 18.8038 8.72697 7.61708 7.48466
threshold=0.89061343669891369 0.71209448575973522 0.99999997019767772 0.12143280357122423 0.86048817634582531
decision_type=2 2 2 2 2
left_child=1 3 4 -1 -2
right_child=2 -3 -4 -5 -6
leaf_value=-0.014304913398077088 -0.013067172376988196 0.004224582272796166 0.024972557180447285 -0.0076417543043645628 0.016010026594640663
leaf_weight=100.78093485813588 3.0254385948646805 43.309761788230389 99.992861475795507 240.2930078911595 44.8336092652753
leaf_count=1177 50 376 209 2769 169
internal_value=0.000166094 -0.00807683 0.0215197 -0.0096525 0.0139011
internal_weight=532.236 384.384 147.852 341.074 47.859
internal_count=4750 4322 428 3946 219
is_linear=0
shrinkage=0.02


Tree=24
num_leaves=6
num_cat=0
split_feature=1 0 0 1 5
split_gain=221.226 15.4561 8.40559 7.36071 6.15011
threshold=0.89061343669891369 0.87042921781539928 0.86048817634582531 0.73871979117393505 0.26785714924335485
decision_type=2 2 2 2 2
left_child=1 4 -2 -3 -1
right_child=2 3 -4 -5 -6
leaf_value=-0.011558879239867443 -0.0034539296951238536 -0.0038529067409392177 0.022673361149488855 0.01098474896762271 -0.0056624309030019323
leaf_weight=212.17359382845461 4.7229640414006999 33.169414725154638 131.40922026592307 20.9251115527004 113.41927387844771
leaf_count=2467 57 405 353 135 1345
internal_value=-4.32519e-05 -0.00789296 0.0217337 0.00194557 -0.00953462
internal_weight=515.82 379.687 136.132 54.0945 325.593
internal_count=4762 4352 410 540 3812
is_linear=0
shrinkage=0.02


Tree=25
num_leaves=6
num_cat=0
split_feature=1 0 5 1 0
split_gain=201.302 23.261 7.32034 3.25943 1.82143
threshold=0.97933110594749462 0.89269438385963451 0.29285715520381933 0.48441612720489508 0.86913394927978527
decision_type=2 2 2 2 2
left_child=1 2 -1 -3 -2
right_child=4 3 -4 -5 -6
leaf_value=-0.010371862020324455 0.0092927783791100158 -0.013717551130437431 -0.0044949699667428539 0.012093900221883119 0.02375978313844708
leaf_weight=233.6843354254961 5.8562674969434729 1.219813273288312 138.9536820941139 26.622700588777661 108.26031403243542
leaf_count=2769 29 21 1624 136 248
internal_value=-0.000189819 -0.0068785 -0.00820367 0.0104573 0.0231219
internal_weight=514.597 400.481 372.638 27.8425 114.117
internal_count=4827 4550 4393 157 277
is_linear=0
shrinkage=0.02


Tree=26
num_leaves=6
num_cat=0
split_feature=1 2 2 1 5
split_gain=214.029 16.0541 8.30921 7.40629 4.41865
threshold=0.9121084213256837 1.1575947999954226 4.1140885353088388 0.68083831667900097 0.52777779102325451
decision_type=2 2 2 2 2
left_child=1 4 -2 -3 -1
right_child=2 3 -4 -5 -6
leaf_value=-0.011340840176096097 -0.0090926160887022812 -0.0054686379863817117 0.022885401051121947 0.0044408005813525624 0.0052370530953292716
leaf_weight=230.32999177929014 2.7470018602907649 90.445099817588925 125.42833914211951 43.933142075315118 5.9035484176129094
leaf_count=2750 32 1147 342 407 71
internal_value=-5.31627e-05 -0.0077658 0.0221195 -0.00220524 -0.0108978
internal_weight=498.787 370.612 128.175 134.378 236.234
internal_count=4749 4375 374 1554 2821
is_linear=0
shrinkage=0.02


Tree=27
num_leaves=6
num_cat=0
split_feature=2 0 2 2 2
split_gain=196.026 21.9064 6.13807 4.7052 3.33359
threshold=6.1097412109375009 0.86913394927978527 8.1056480407714862 1.1575947999954226 5.916112184524537
decision_type=2 2 2 2 2
left_child=1 3 -2 -1 -3
right_child=2 4 -4 -5 -6
leaf_value=-0.010967418720189399 0.014162059015065794 0.0058729953103249834 0.023311336753735534 -0.0052161945842695949 -0.014755603526752131
leaf_weight=232.98271200852469 56.432177125476301 47.98162647895515 88.368225244339556 81.094850198831409 2.3547470308840266
leaf_count=2807 327 425 213 975 24
internal_value=0.000271276 -0.00754827 0.019881 -0.00951007 0.00460039
internal_weight=509.214 364.414 144.8 314.078 50.3364
internal_count=4771 4231 540 3782 449
is_linear=0
shrinkage=0.02


Tree=28
num_leaves=6
num_cat=0
split_feature=2 2 2 5 2
split_gain=186.295 18.364 6.61877 3.41102 2.66535
threshold=4.6581020355224618 7.047962188720704 1.0355823040008547 0.52777779102325451 5.138477325439454
decision_type=2 2 2 2 2
left_child=2 4 3 -1 -2
right_child=1 -3 -4 -5 -6
leaf_value=-0.011060393230332534 0.01412433125671664 0.021346685831938886 -0.0042339972787148114 0.0031764345091023312 0.0044814860863788457
leaf_weight=227.01128171943128 16.270307939033955 115.26218451815657 92.756957198493183 6.3067644434049717 42.393582470947877
leaf_count=2738 134 343 1075 78 411
internal_value=5.30137e-05 0.0167168 -0.00885317 -0.0106551 0.00738134
internal_weight=500.001 173.926 326.075 233.318 58.6639
internal_count=4779 888 3891 2816 545
is_linear=0
shrinkage=0.02


end of trees

feature_importances:
cross_encoder_score=51
bm25_score_normalized=49
dense_score=39
keyword_overlap=6

parameters:
[boosting: gbdt]
[objective: lambdarank]
[metric: ndcg]
[tree_learner: serial]
[device_type: cpu]
[data_sample_strategy: bagging]
[data: ]
[valid: ]
[num_iterations: 300]
[learning_rate: 0.02]
[num_leaves: 6]
[num_threads: 0]
[seed: 42]
[deterministic: 0]
[force_col_wise: 1]
[force_row_wise: 0]
[histogram_pool_size: -1]
[max_depth: 3]
[min_data_in_leaf: 2]
[min_sum_hessian_in_leaf: 0.001]
[bagging_fraction: 0.8]
[pos_bagging_fraction: 1]
[neg_bagging_fraction: 1]
[bagging_freq: 1]
[bagging_seed: 400]
[bagging_by_query: 0]
[feature_fraction: 0.7]
[feature_fraction_bynode: 1]
[feature_fraction_seed: 30056]
[extra_trees: 0]
[extra_seed: 12879]
[early_stopping_round: 0]
[early_stopping_min_delta: 0]
[first_metric_only: 0]
[max_delta_step: 0]
[lambda_l1: 0.1]
[lambda_l2: 1]
[linear_lambda: 0]
[min_gain_to_split: 0.01]
[drop_rate: 0.1]
[max_drop: 50]
[skip_drop: 0.5]
[xgboost_dart_mode: 0]
[uniform_drop: 0]
[drop_seed: 17869]
[top_rate: 0.2]
[other_rate: 0.1]
[min_data_per_group: 100]
[max_cat_threshold: 32]
[cat_l2: 10]
[cat_smooth: 10]
[max_cat_to_onehot: 4]
[top_k: 20]
[monotone_constraints: ]
[monotone_constraints_method: basic]
[monotone_penalty: 0]
[feature_contri: ]
[forcedsplits_filename: ]
[refit_decay_rate: 0.9]
[cegb_tradeoff: 1]
[cegb_penalty_split: 0]
[cegb_penalty_feature_lazy: ]
[cegb_penalty_feature_coupled: ]
[path_smooth: 0]
[interaction_constraints: ]
[verbosity: -1]
[saved_feature_importance_type: 0]
[use_quantized_grad: 0]
[num_grad_quant_bins: 4]
[quant_train_renew_leaf: 0]
[stochastic_rounding: 1]
[linear_tree: 0]
[max_bin: 255]
[max_bin_by_feature: ]
[min_data_in_bin: 3]
[bin_construct_sample_cnt: 200000]
[data_random_seed: 175]
[is_enable_sparse: 1]
[enable_bundle: 1]
[use_missing: 1]
[zero_as_missing: 0]
[feature_pre_filter: 1]
[pre_partition: 0]
[two_round: 0]
[header: 0]
[label_column: ]
[weight_column: ]
[group_column: ]
[ignore_column: ]
[categorical_feature: ]
[forcedbins_filename: ]
[precise_float_parser: 0]
[parser_config_file: ]
[objective_seed: 16083]
[num_class: 1]
[is_unbalance: 0]
[scale_pos_weight: 1]
[sigmoid: 1]
[boost_from_average: 1]
[reg_sqrt: 0]
[alpha: 0.9]
[fair_c: 1]
[poisson_max_delta_step: 0.7]
[tweedie_variance_power: 1.5]
[lambdarank_truncation_level: 30]
[lambdarank_norm: 1]
[label_gain: ]
[lambdarank_position_bias_regularization: 0]
[eval_at: 5]
[multi_error_top_k: 1]
[auc_mu_weights: ]
[num_machines: 1]
[local_listen_port: 12400]
[time_out: 120]
[machine_list_filename: ]
[machines: ]
[gpu_platform_id: -1]
[gpu_device_id: -1]
[gpu_device_id_list: ]
[gpu_use_dp: 0]
[num_gpu: 1]

end of parameters

pandas_categorical:null
