tree
version=v4
num_class=1
num_tree_per_iteration=1
label_index=0
max_feature_idx=6
objective=lambdarank
feature_names=dense_score bm25_score_normalized cross_encoder_score recency_score category_match keyword_overlap historical_acceptance_rate
feature_infos=[0:0.91557735204696655] [0:1] [-11.435211181640625:9.4537868499755859] [0:0.69999998807907104] none [0:0.5625] none
tree_sizes=672 774 762 674 779 774 776 778 773 770 776 782 782 771 677 776 774 775 785 785 775 781 778 780 680 781 779 779 779 779 779 779 780 783 782 765 678 678 776 783 772 787 783 782 676 679 775

Tree=0
num_leaves=5
num_cat=0
split_feature=1 0 1 0
split_gain=231.699 10.4251 4.61317 2.2791
threshold=0.87100014090538036 0.80496737360954296 0.46880696713924414 0.75375643372535717
decision_type=2 2 2 2
left_child=1 -1 -3 -2
right_child=3 2 -4 -5
leaf_value=-0.033172455527303968 -0.0040721478471539554 -0.014171560928264094 0.017536348670871588 0.038330863997889972
leaf_weight=38.318037921562791 0.24291320145130058 5.3348986562341443 1.5955536440014837 35.951688125729561
leaf_count=802 7 122 12 54
internal_value=0.000713147 -0.0291585 -0.00532868 0.0378907
internal_weight=81.4431 45.2485 6.93045 36.1946
internal_count=997 936 134 61
is_linear=0
shrinkage=0.02


Tree=1
num_leaves=6
num_cat=0
split_feature=1 2 1 0 1
split_gain=265.48 47.6025 27.0767 11.3659 4.9637
threshold=0.87100014090538036 -9.7021927833557111 0.40425707399845129 0.76272457838058483 0.27665583789348608
decision_type=2 2 2 2 2
left_child=1 4 -3 -2 -1
right_child=3 2 -4 -5 -6
leaf_value=-0.028271101137587049 -0.012074269812825816 -0.00892937734763064 0.022507466615294888 0.037114369481426657 -0.015235915265217718
leaf_weight=56.949805423617363 1.4368538036942471 41.122082091867924 13.80879884958267 57.099935553967953 20.927256282418966
leaf_count=431 9 326 46 50 144
internal_value=0.000549624 -0.0150754 -0.000729747 0.0356909 -0.0250312
internal_weight=191.345 132.808 54.9309 58.5368 77.8771
internal_count=1006 947 372 59 575
is_linear=0
shrinkage=0.02


Tree=2
num_leaves=6
num_cat=0
split_feature=1 0 1 2 1
split_gain=224.805 28.8143 12.851 8.3943 8.02813
threshold=0.87100014090538036 0.79477348923683178 0.23848270624876025 -8.7716369628906232 0.54518273472785961
decision_type=2 2 2 2 2
left_child=1 2 -1 -2 -3
right_child=3 4 -4 -5 -6
leaf_value=-0.02665451528828066 -0.009694946488951901 -0.0030528711917767099 -0.0098716658194032154 0.035532956141114076 0.023522587940082624
leaf_weight=57.409951642155647 1.2312102541327465 25.167771261185411 29.680251926183701 50.620043501257896 4.4952038526535025
leaf_count=507 7 209 206 48 9
internal_value=0 -0.0153913 -0.0211346 0.0342581 0.00154501
internal_weight=168.604 116.753 87.0902 51.8513 29.663
internal_count=986 931 713 55 218
is_linear=0
shrinkage=0.02


Tree=3
num_leaves=5
num_cat=0
split_feature=1 0 1 1
split_gain=230.96 22.8979 9.02295 4.72542
threshold=0.99999991059303295 0.79407751560211193 0.23848270624876025 0.36177347600460058
decision_type=2 2 2 2
left_child=1 2 -1 -3
right_child=-2 3 -4 -5
leaf_value=-0.026047226887566558 0.035171965070737443 -0.0058339687174240405 -0.011548822627282304 0.010748028855147806
leaf_weight=53.801502406597137 50.613429009914398 22.687646508216861 29.666406340897083 8.66302742063999
leaf_count=513 51 209 205 40
internal_value=-3.46582e-06 -0.0156963 -0.0211156 -0.0009995
internal_weight=165.432 114.819 83.4679 31.3507
internal_count=1018 967 718 249
is_linear=0
shrinkage=0.02


Tree=4
num_leaves=6
num_cat=0
split_feature=2 2 0 2 5
split_gain=153.259 19.8566 6.69379 4.43602 4.04703
threshold=-2.7786620855331416 -10.238066673278807 0.7713511884212495 -1.0573305487632749 0.038690477609634406
decision_type=2 2 2 2 2
left_child=1 2 -1 -2 -3
right_child=3 4 -4 -5 -6
leaf_value=-0.025743207879920564 0.010465621588155184 -0.0072357243020033579 -0.0080536398906534898 0.032588197122974685 0.007174612143802276
leaf_weight=43.409136097878218 5.6357499584555617 43.458676002919674 12.508067287504671 38.199031434953213 8.4775540046393854
leaf_count=371 28 368 119 54 60
internal_value=-0.00102721 -0.0138509 -0.0220324 0.0300854 -0.00475464
internal_weight=151.688 107.853 55.9172 43.8348 51.9362
internal_count=1000 918 490 82 428
is_linear=0
shrinkage=0.02


Tree=5
num_leaves=6
num_cat=0
split_feature=1 1 2 2 0
split_gain=159.522 15.5146 12.1414 10.5269 10.07
threshold=0.87100014090538036 0.23562299460172656 -11.234522342681883 -8.7716369628906232 0.78314486145973217
decision_type=2 2 2 2 2
left_child=1 4 -3 -2 -1
right_child=3 2 -4 -5 -6
leaf_value=-0.025837678097088489 -0.014287170205387945 -0.025431619394714788 0.0017192489693849497 0.033776391668200297 -0.0089776876239961931
leaf_weight=40.444200552999973 1.3222998157143582 7.2139317169785491 32.24398472905159 40.673838138580322 24.517767764627934
leaf_count=411 7 58 230 46 255
internal_value=-0.000537517 -0.0137892 -0.0037011 0.0319194 -0.0197373
internal_weight=146.416 104.42 39.4579 41.9961 64.962
internal_count=1007 954 288 53 666
is_linear=0
shrinkage=0.02


Tree=6
num_leaves=6
num_cat=0
split_feature=1 2 1 2 3
split_gain=166.422 20.8182 15.042 1.4418 1.2633
threshold=0.99999991059303295 -9.7279815673828107 0.40425707399845129 -8.7716369628906232 0.55000001192092907
decision_type=2 2 2 2 2
left_child=1 4 -3 -2 -1
right_child=3 2 -4 -5 -6
leaf_value=-0.024878058336318822 -1.5021515336274807e-05 -0.010338807044729869 0.015534546860856931 0.033361566900355182 -0.015595920004719753
leaf_weight=36.493588451296091 0.40196853876113792 34.074873100966215 11.081897042691706 41.735940128564835 17.756982885301113
leaf_count=377 2 340 50 46 169
internal_value=0.000136597 -0.0139656 -0.00374692 0.0330038 -0.0222133
internal_weight=141.545 99.4073 45.1568 42.1379 54.2506
internal_count=984 936 390 48 546
is_linear=0
shrinkage=0.02


Tree=7
num_leaves=6
num_cat=0
split_feature=1 0 2 1 1
split_gain=133.434 19.3839 12.1634 7.50006 5.99992
threshold=0.87100014090538036 0.79453796148300182 -8.7716369628906232 0.28878182172775274 0.54518273472785961
decision_type=2 2 2 2 2
left_child=1 3 -2 -1 -3
right_child=2 4 -4 -5 -6
leaf_value=-0.022367917575157749 -0.014149769192324323 -0.0028790645679523767 0.0325054066268919 -0.0074666341958237901 0.020358457379657153
leaf_weight=50.932235434651375 1.7708023414015759 22.425092894583944 37.994256407022476 20.718575641512871 4.4746572673320761
leaf_count=555 10 216 45 165 13
internal_value=-0.000383657 -0.0128755 0.0300826 -0.0182487 0.00150586
internal_weight=138.316 98.5506 39.7651 71.6508 26.8998
internal_count=1004 949 55 720 229
is_linear=0
shrinkage=0.02


Tree=8
num_leaves=6
num_cat=0
split_feature=1 2 1 0 0
split_gain=128.673 21.7671 16.143 2.15332 1.19947
threshold=0.99999991059303295 -9.7021927833557111 0.46880696713924414 0.77027976512908947 0.7838646173477174
decision_type=2 2 2 2 2
left_child=1 3 -3 -1 -2
right_child=4 2 -4 -5 -6
leaf_value=-0.022237063412963925 0.0066487815790260149 -0.0074025612754299143 0.020092793013264439 -0.011559182377472636 0.032004489148213515
leaf_weight=40.293960448354483 1.5772908776998509 35.814315877854824 10.114858128130434 15.03547056391835 36.913861572742462
leaf_count=409 4 362 35 169 44
internal_value=0.000538151 -0.011293 -0.00100559 -0.0196276 0.0312108
internal_weight=139.75 101.259 45.9292 55.3294 38.4912
internal_count=1023 975 397 578 48
is_linear=0
shrinkage=0.02


Tree=9
num_leaves=6
num_cat=0
split_feature=1 0 1 0 0
split_gain=133.615 21.6517 5.8368 3.64102 2.09211
threshold=0.99999991059303295 0.79943954944610607 0.54518273472785961 0.75615954399108898 0.7838646173477174
decision_type=2 2 2 2 2
left_child=1 3 -3 -1 -2
right_child=4 2 -4 -5 -6
leaf_value=-0.024088034653696359 0.0039812601438690134 -0.0012030238936188372 0.022218317289775903 -0.01383608257923552 0.031522479989360246
leaf_weight=27.69263594225049 1.6287249624729145 18.247006185352806 4.4646605998277655 44.523737326264381 37.851029813289642
leaf_count=281 4 182 10 483 47
internal_value=7.67164e-05 -0.0127675 0.00405965 -0.01807 0.0305621
internal_weight=134.408 94.928 22.7117 72.2164 39.4798
internal_count=1007 956 192 764 51
is_linear=0
shrinkage=0.02


Tree=10
num_leaves=6
num_cat=0
split_feature=2 2 1 1 0
split_gain=125.509 15.3225 11.8403 7.02073 3.06108
threshold=-2.7786620855331416 -9.7879128456115705 0.46880696713924414 0.90680906176567089 0.77541041374206554
decision_type=2 2 2 2 2
left_child=1 4 -3 -2 -1
right_child=3 2 -4 -5 -6
leaf_value=-0.022808765596397784 0.0053483142404588905 -0.0083372011796674847 0.020501847251869997 0.031002190206073803 -0.009580803776285611
leaf_weight=40.956791680306196 5.5472952239215365 30.76325410977006 5.933866385370492 37.29283007979393 11.662121113389729
leaf_count=434 43 324 21 48 132
internal_value=0.000144365 -0.0133194 -0.00320076 0.0279237 -0.0201477
internal_weight=132.156 89.316 36.6971 42.8401 52.6189
internal_count=1002 911 345 91 566
is_linear=0
shrinkage=0.02


Tree=11
num_leaves=6
num_cat=0
split_feature=2 2 0 2 2
split_gain=99.4131 13.5095 2.40836 2.38803 0.346192
threshold=-2.2139368057250972 -9.7021927833557111 0.77027976512908947 -9.462491035461424 1.0000000180025095e-35
decision_type=2 2 2 2 2
left_child=1 2 -1 -3 -2
right_child=4 3 -4 -5 -6
leaf_value=-0.020351234393649175 0.015179978934483463 0.0096804187393405954 -0.0096868525924949204 -0.0040931544324503419 0.028919026170308164
leaf_weight=39.801116093993187 5.203948810696601 4.8729874975979319 15.523836627602575 33.282354284077883 30.399653777480125
leaf_count=423 25 28 177 324 51
internal_value=-0.00053553 -0.0113874 -0.0176195 -0.00208069 0.0274351
internal_weight=129.084 93.4803 55.325 38.1553 35.6036
internal_count=1028 952 600 352 76
is_linear=0
shrinkage=0.02


Tree=12
num_leaves=6
num_cat=0
split_feature=2 2 3 0 2
split_gain=100.618 13.623 2.82164 1.96302 0.921664
threshold=-2.7786620855331416 -9.4335808753967267 0.55000001192092907 0.7713511884212495 1.0000000180025095e-35
decision_type=2 2 2 2 2
left_child=1 3 -3 -1 -2
right_child=4 2 -4 -5 -6
leaf_value=-0.020949981387511026 0.015473128684496604 -0.008219766007613951 0.0031776552665184234 -0.010684624501093585 0.028505402188169691
leaf_weight=38.256931647658348 7.6388267502188674 14.690170828253029 18.316761739552021 14.827303506433962 30.534513171762228
leaf_count=417 40 152 159 172 50
internal_value=-0.000196022 -0.0121841 -0.00192865 -0.0183702 0.0264101
internal_weight=124.265 86.0912 33.0069 53.0842 38.1733
internal_count=990 900 311 589 90
is_linear=0
shrinkage=0.02


Tree=13
num_leaves=6
num_cat=0
split_feature=1 0 2 0 1
split_gain=93.3683 16.8582 6.97211 5.9241 1.11048
threshold=0.87100014090538036 0.8023822307586671 -8.7716369628906232 0.75649887323379528 0.51113903522491466
decision_type=2 2 2 2 2
left_child=1 3 -2 -1 -3
right_child=2 4 -4 -5 -6
leaf_value=-0.023773578994606047 -0.010139551993986327 0.0022340107475941761 0.02912601940191625 -0.011262037372767313 0.015017092310673075
leaf_weight=26.64605101197958 1.3670692369341839 16.14950463548303 31.254081264138222 44.572512045502663 2.5783181115984908
leaf_count=288 9 163 45 505 9
internal_value=-0.00130297 -0.0118359 0.0271684 -0.0162352 0.00476728
internal_weight=122.568 89.9464 32.6212 71.2186 18.7278
internal_count=1019 965 54 793 172
is_linear=0
shrinkage=0.02


Tree=14
num_leaves=5
num_cat=0
split_feature=1 0 1 1
split_gain=96.0163 15.9523 4.40253 3.37045
threshold=0.99999991059303295 0.79407751560211193 0.23562299460172656 0.61308348178863536
decision_type=2 2 2 2
left_child=1 2 -1 -3
right_child=-2 3 -4 -5
leaf_value=-0.020282764155473247 0.029120735894085818 -0.00040969582222082068 -0.008713761868166213 0.020406047151112394
leaf_weight=40.81948247551918 31.248296447098255 22.531866569072012 23.825437266379595 2.5736491680145255
leaf_count=508 45 242 213 5
internal_value=-0.000509517 -0.0110551 -0.0162471 0.00234752
internal_weight=120.999 89.7504 64.6449 25.1055
internal_count=1013 968 721 247
is_linear=0
shrinkage=0.02


Tree=15
num_leaves=6
num_cat=0
split_feature=1 2 1 2 1
split_gain=89.4647 13.308 10.237 8.37119 2.84256
threshold=0.83403331041336071 -9.7279815673828107 0.39943000674247747 -8.7716369628906232 0.27665583789348608
decision_type=2 2 2 2 2
left_child=1 4 -3 -2 -1
right_child=3 2 -4 -5 -6
leaf_value=-0.020734794043290056 -0.0092597589907394712 -0.0071529234504303122 0.016046537030950797 0.028925469992387397 -0.0089184255768083361
leaf_weight=31.674968156963587 1.9204288125038136 29.53691928461194 9.1207069568335992 34.969557546079159 14.944496918469666
leaf_count=417 12 331 49 51 141
internal_value=0.00106895 -0.0101734 -0.00136231 0.0266929 -0.0172557
internal_weight=122.167 85.2771 38.6576 36.89 46.6195
internal_count=1001 938 380 63 558
is_linear=0
shrinkage=0.02


Tree=16
num_leaves=6
num_cat=0
split_feature=1 0 1 2 2
split_gain=83.8194 15.2234 4.22007 4.13218 1.18008
threshold=0.99999991059303295 0.78964984416961681 0.54518273472785961 -8.3350610733032209 -6.89711570739746
decision_type=2 2 2 2 2
left_child=1 3 -3 -1 -2
right_child=4 2 -4 -5 -6
leaf_value=-0.016637836538858343 0.0030202175755946353 -0.00061230901786048458 0.019166859234262073 5.9452426827708614e-05 0.028384888722817338
leaf_weight=52.500601556152105 1.1910403445363034 24.650714147835973 4.1745722182095042 6.3913523852825156 32.35145890712738
leaf_count=606 4 278 13 60 47
internal_value=0.00121932 -0.00906499 0.00273171 -0.0148216 0.0276556
internal_weight=121.26 87.7172 28.8253 58.892 33.5425
internal_count=1008 957 291 666 51
is_linear=0
shrinkage=0.02


Tree=17
num_leaves=6
num_cat=0
split_feature=2 2 1 1 0
split_gain=74.9235 11.6668 11.8894 5.52267 3.23826
threshold=-2.7786620855331416 -9.7279815673828107 0.43924564123153692 0.90680906176567089 0.7713511884212495
decision_type=2 2 2 2 2
left_child=1 4 -3 -2 -1
right_child=3 2 -4 -5 -6
leaf_value=-0.01983693480754721 0.0042100495076045196 -0.0074382092483119304 0.019447798972050158 0.027955624817901207 -0.0072617407506472484
leaf_weight=33.81632431410253 5.1912267729639998 27.741911843419075 7.524093907326459 29.077008947730064 13.59795795381069
leaf_count=401 45 321 28 44 167
internal_value=0.000171411 -0.0101179 -0.00126878 0.0246365 -0.0164963
internal_weight=116.949 82.6803 35.266 34.2682 47.4143
internal_count=1006 917 349 89 568
is_linear=0
shrinkage=0.02


Tree=18
num_leaves=6
num_cat=0
split_feature=2 2 0 0 2
split_gain=69.8867 11.2184 2.28944 2.14209 1.01866
threshold=-2.7786620855331416 -9.7021927833557111 0.76826277375221264 0.79943954944610607 1.0000000180025095e-35
decision_type=2 2 2 2 2
left_child=1 2 -1 -3 -2
right_child=4 3 -4 -5 -6
leaf_value=-0.018905702413145115 0.012371799657327908 -0.0045986348011168802 -0.0084152917526161327 0.005206271351471321 0.026172017650176467
leaf_weight=31.484445409849286 5.9828214272856703 22.135481003671885 15.794692967087029 13.426429167389868 28.054342281073332
leaf_count=369 37 218 200 131 54
internal_value=0.000492403 -0.00940777 -0.0156895 -0.000800935 0.0242257
internal_weight=116.878 82.841 47.2791 35.5619 34.0372
internal_count=1009 918 569 349 91
is_linear=0
shrinkage=0.02


Tree=19
num_leaves=6
num_cat=0
split_feature=2 0 5 0 2
split_gain=77.4506 11.9615 3.20461 1.36699 0.114595
threshold=-2.7786620855331416 0.78612756729125988 0.038690477609634406 0.80496737360954296 1.0000000180025095e-35
decision_type=2 2 2 2 2
left_child=1 2 -1 -3 -2
right_child=4 3 -4 -5 -6
leaf_value=-0.017166072826583129 0.014750813052620609 -0.0035285551159258341 0.0043698254512047835 0.0053815384743555721 0.026266847098281226
leaf_weight=52.439977599307895 5.9156683832406989 15.300731752067806 2.3793284073472014 10.898419126868246 27.677011448889971
leaf_count=626 33 183 23 107 54
internal_value=-0.000301072 -0.0109009 -0.016134 0.000165953 0.0247817
internal_weight=114.611 81.0185 54.8193 26.1992 33.5927
internal_count=1026 939 649 290 87
is_linear=0
shrinkage=0.02


Tree=20
num_leaves=6
num_cat=0
split_feature=1 0 1 1 2
split_gain=79.1911 13.744 3.72238 3.27622 0.395238
threshold=0.99999991059303295 0.78964984416961681 0.23562299460172656 0.54518273472785961 -6.89711570739746
decision_type=2 2 2 2 2
left_child=1 2 -1 -3 -2
right_child=4 3 -4 -5 -6
leaf_value=-0.019148443797768408 0.0044258473298613077 -0.0010064828274791589 -0.007957188124318176 0.016599576627662621 0.027579367113563291
leaf_weight=35.162499478086829 0.9327749907970454 22.286554846912626 22.221540216356516 4.1464728489518157 30.491452097892761
leaf_count=485 3 269 206 16 47
internal_value=0.000514675 -0.00963535 -0.0150595 0.00218684 0.0271115
internal_weight=115.241 83.8171 57.384 26.433 31.4242
internal_count=1026 976 691 285 50
is_linear=0
shrinkage=0.02


Tree=21
num_leaves=6
num_cat=0
split_feature=1 0 0 3 3
split_gain=59.0953 14.2622 8.34908 2.83098 1.61976
threshold=0.54518273472785961 0.7439783811569215 0.78964984416961681 0.55000001192092907 0.55000001192092907
decision_type=2 2 2 2 2
left_child=2 -2 3 -1 -4
right_child=1 -3 4 -5 -6
leaf_value=-0.018975155159194172 -0.012385660780760617 0.024433597503447077 -0.0064934713985146551 -0.007964988908720801 0.003791457295729573
leaf_weight=30.145946145057678 4.0976767987012854 33.555084776133299 9.5433714203536528 17.728651916608214 13.521339204162357
leaf_count=408 38 77 129 207 149
internal_value=0.000196987 0.0201581 -0.010503 -0.0151852 -0.000473974
internal_weight=108.592 37.6528 70.9393 47.8746 23.0647
internal_count=1008 115 893 615 278
is_linear=0
shrinkage=0.02


Tree=22
num_leaves=6
num_cat=0
split_feature=1 0 1 2 2
split_gain=65.7496 9.60443 5.45724 1.06001 0.619772
threshold=0.99999991059303295 0.75824293494224559 0.3448490202426911 -10.854047298431395 -6.89711570739746
decision_type=2 2 2 2 2
left_child=1 3 -3 -1 -2
right_child=4 2 -4 -5 -6
leaf_value=-0.022411671498986773 0.0041783073488015354 -0.0078764608494368265 0.0074828144491456399 -0.010630070853384162 0.026451496689874055
leaf_weight=18.398096024990085 1.1504705175757433 42.107367862015963 10.801272414624689 8.1276231184601766 25.984489977359772
leaf_count=222 4 564 85 93 43
internal_value=-0.000541347 -0.00975948 -0.00462313 -0.0193917 0.0257603
internal_weight=106.569 79.4344 52.9086 26.5257 27.135
internal_count=1011 964 649 315 47
is_linear=0
shrinkage=0.02


Tree=23
num_leaves=6
num_cat=0
split_feature=1 0 1 1 0
split_gain=68.5447 13.9449 2.22833 1.42072 0.250199
threshold=0.99999991059303295 0.78964984416961681 0.51113903522491466 0.23848270624876025 0.78731319308280956
decision_type=2 2 2 2 2
left_child=1 3 -3 -1 -2
right_child=4 2 -4 -5 -6
leaf_value=-0.018521149652186902 0.0074202336714260008 -0.00031720377123655325 0.015791244818880796 -0.010315343037193137 0.026295099477192947
leaf_weight=32.999695774167776 1.5543145909905458 23.0617407001555 2.9861396774649611 19.934733055531979 27.252012506127357
leaf_count=470 5 278 12 200 46
internal_value=-0.000243644 -0.00990655 0.00197108 -0.0157165 0.0256269
internal_weight=107.789 78.9823 26.0479 52.9344 28.8063
internal_count=1011 960 290 670 51
is_linear=0
shrinkage=0.02


Tree=24
num_leaves=5
num_cat=0
split_feature=1 0 3 1
split_gain=61.9926 8.06863 2.9197 1.14388
threshold=0.99999991059303295 0.79453796148300182 0.55000001192092907 0.12838789075613025
decision_type=2 2 2 2
left_child=1 2 -1 -3
right_child=-2 3 -4 -5
leaf_value=-0.016714076465404706 0.025618199321091939 -0.0048275191400544235 -0.0067936632859869539 0.0049214940359467501
leaf_weight=35.895322363823652 26.116393685340881 6.2385517768561867 21.888355869799852 13.019859947264193
leaf_count=487 48 83 246 142
internal_value=-0.000417051 -0.00948351 -0.0131698 0.00158228
internal_weight=103.158 77.0421 57.7837 19.2584
internal_count=1006 958 733 225
is_linear=0
shrinkage=0.02


Tree=25
num_leaves=6
num_cat=0
split_feature=1 0 1 1 0
split_gain=50.6188 8.45609 4.20467 1.14701 0.277652
threshold=0.99999991059303295 0.78964984416961681 0.23562299460172656 0.17766188085079196 0.787500560283661
decision_type=2 2 2 2 2
left_child=1 2 -1 -3 -2
right_child=4 3 -4 -5 -6
leaf_value=-0.017127856872124148 0.0026210070056160561 -0.0030642965697340952 -0.004889698142640707 0.0053217839943087491 0.025566104217264005
leaf_weight=32.210238639265299 0.65535321831703441 10.987401008605959 19.376272741705179 13.063170045614241 22.162806034088135
leaf_count=476 3 144 191 137 39
internal_value=-0.000319987 -0.00825117 -0.0127495 0.00144141 0.0251288
internal_weight=98.4552 75.6371 51.5865 24.0506 22.8182
internal_count=990 948 667 281 42
is_linear=0
shrinkage=0.02


Tree=26
num_leaves=6
num_cat=0
split_feature=1 2 1 2 1
split_gain=51.0791 12.0439 7.60631 3.17136 2.77564
threshold=0.99999991059303295 -9.7279815673828107 0.39943000674247747 -4.9557979106903067 1.0000000180025095e-35
decision_type=2 2 2 2 2
left_child=1 4 -3 -2 -1
right_child=3 2 -4 -5 -6
leaf_value=-0.0021395700148173335 -0.0020450957700144587 -0.0044192626199443062 0.015851564483999388 0.02591317927961137 -0.016817898113452929
leaf_weight=6.7563188709318629 1.4413441419601465 25.984354145824909 9.1895637176930887 24.894157350063324 35.094365395605564
leaf_count=94 4 335 50 44 468
internal_value=0.000753642 -0.00747658 0.00111322 0.024291 -0.0146002
internal_weight=103.36 77.0246 35.1739 26.3355 41.8507
internal_count=995 947 385 48 562
is_linear=0
shrinkage=0.02


Tree=27
num_leaves=6
num_cat=0
split_feature=2 0 2 3 0
split_gain=49.2256 6.80008 2.59391 2.2342 0.612543
threshold=-2.2139368057250972 0.7787671983242036 -8.3350610733032209 0.55000001192092907 0.81575721502304088
decision_type=2 2 2 2 2
left_child=1 2 -1 -3 -2
right_child=4 3 -4 -5 -6
leaf_value=-0.015785533892252106 0.0034404044652080151 -0.0072700337299199018 0.0016511916984682554 0.0031745380416246601 0.023396640136637933
leaf_weight=38.811053199693561 1.2619956769049192 14.835089031606914 3.3120609484612933 15.816983316093681 24.013850253075361
leaf_count=509 10 211 26 181 62
internal_value=-0.00084837 -0.00923148 -0.0143616 -0.00188725 0.0226452
internal_weight=98.051 72.7752 42.1231 30.6521 25.2758
internal_count=999 927 535 392 72
is_linear=0
shrinkage=0.02


Tree=28
num_leaves=6
num_cat=0
split_feature=2 0 5 2 2
split_gain=52.395 6.79916 2.72546 0.256277 0.0920954
threshold=-2.7786620855331416 0.75275450944900524 1.0000000180025095e-35 -11.18176221847534 -1.0573305487632749
decision_type=2 2 2 2 2
left_child=1 3 -3 -1 -2
right_child=4 2 -4 -5 -6
leaf_value=-0.023452313203094897 0.011800630974591154 -0.0067563633914943678 0.006963404016858272 -0.01379913159103628 0.023532976079519791
leaf_weight=8.412717070430519 4.3028535768389728 44.017759600654244 5.6823866292834273 12.09378771856427 24.495451278984547
leaf_count=110 27 590 62 152 59
internal_value=1.50372e-05 -0.00928364 -0.00504188 -0.0187586 0.022302
internal_weight=99.005 70.2067 49.7001 20.5065 28.7983
internal_count=1000 914 652 262 86
is_linear=0
shrinkage=0.02


Tree=29
num_leaves=6
num_cat=0
split_feature=2 2 1 1 0
split_gain=52.5225 8.30819 7.14126 3.40451 2.93176
threshold=-2.7786620855331416 -10.238066673278807 0.41204464435577398 0.90680906176567089 0.77167174220085155
decision_type=2 2 2 2 2
left_child=1 4 -3 -2 -1
right_child=3 2 -4 -5 -6
leaf_value=-0.018433536533364211 0.0037539291036932051 -0.0061056297748428622 0.015168037837457458 0.02515395616846967 -0.0043313960726088637
leaf_weight=27.227224370464683 4.0345902703702476 28.875671839341521 6.9887299276888362 25.816024303436279 8.899800803512333
leaf_count=371 39 393 38 49 122
internal_value=0.000651335 -0.00858243 -0.00160687 0.0225418 -0.0152236
internal_weight=101.842 71.9914 35.8644 29.8506 36.127
internal_count=1012 924 431 88 493
is_linear=0
shrinkage=0.02


Tree=30
num_leaves=6
num_cat=0
split_feature=2 2 0 2 2
split_gain=45.1474 12.216 2.16766 1.26856 0.321729
threshold=-2.7786620855331416 -9.7279815673828107 0.7713511884212495 -9.462491035461424 1.0000000180025095e-35
decision_type=2 2 2 2 2
left_child=1 2 -1 -3 -2
right_child=4 3 -4 -5 -6
leaf_value=-0.017896096249641641 0.011618380632728409 0.010779699660402936 -0.0066351300984471432 -6.3400267698609519e-05 0.023630415245171427
leaf_weight=28.981932282447815 4.9310697130858925 4.0703362710773972 11.876094562932847 26.585603792220354 22.117910377681255
leaf_count=408 33 30 168 311 51
internal_value=0.000443025 -0.00787554 -0.0149074 0.00160816 0.0220042
internal_weight=98.5629 71.514 40.858 30.6559 27.049
internal_count=1001 917 576 341 84
is_linear=0
shrinkage=0.02


Tree=31
num_leaves=6
num_cat=0
split_feature=1 0 1 2 1
split_gain=41.3645 9.94579 6.25321 1.92876 1.0824
threshold=0.99999991059303295 0.75785130262374889 0.43924564123153692 -8.7716369628906232 0.23848270624876025
decision_type=2 2 2 2 2
left_child=1 4 -3 -2 -1
right_child=3 2 -4 -5 -6
leaf_value=-0.022152612581957627 -0.0057050790119015475 -0.0047889894466301604 0.012461672417084898 0.024526408086055961 -0.010937292484117386
leaf_weight=11.057434475049378 0.41362854093313473 42.888182830065489 9.3771330118179304 22.566357627511024 11.796887271106241
leaf_count=178 3 608 55 45 128
internal_value=0.000766932 -0.00643632 -0.00148058 0.0236836 -0.0171485
internal_weight=98.0996 75.1196 52.2653 22.98 22.8543
internal_count=1017 969 663 48 306
is_linear=0
shrinkage=0.02


Tree=32
num_leaves=6
num_cat=0
split_feature=1 2 1 1 2
split_gain=47.8377 7.6096 5.57166 2.60854 1.48599
threshold=0.83403331041336071 -10.506721496582029 0.43924564123153692 1.0000000180025095e-35 -11.226990699768065
decision_type=2 2 2 2 2
left_child=1 3 -3 -1 -2
right_child=4 2 -4 -5 -6
leaf_value=-0.0023817196228586753 -0.0026087494332164346 -0.0054481426530845704 0.01412056856384097 -0.01843727491901636 0.023684060792922873
leaf_weight=5.5735625103116062 0.55353646725416439 35.683763433247805 5.903139814734458 23.930290147662163 25.887352779507637
leaf_count=79 4 498 37 348 57
internal_value=0.00049795 -0.00804105 -0.00235711 -0.0156473 0.0229857
internal_weight=97.5316 71.0908 41.5869 29.5039 26.4409
internal_count=1023 962 535 427 61
is_linear=0
shrinkage=0.02


Tree=33
num_leaves=6
num_cat=0
split_feature=1 2 1 1 2
split_gain=41.378 10.2411 4.70434 2.19446 0.623226
threshold=0.99999991059303295 -9.6647577285766584 0.39943000674247747 1.0000000180025095e-35 -6.89711570739746
decision_type=2 2 2 2 2
left_child=1 3 -3 -1 -2
right_child=4 2 -4 -5 -6
leaf_value=-0.0034137977449451018 0.0027789565073039592 -0.0038362640298311209 0.012197629658364094 -0.016379257002265581 0.024121108030864591
leaf_weight=7.3906787503510705 1.0677952766418481 25.885730100795627 9.0446696877479535 32.701072722673416 20.691279709339142
leaf_count=103 4 347 55 490 42
internal_value=-0.000309857 -0.00740919 0.000483724 -0.0141791 0.0233298
internal_weight=96.7812 75.0222 34.9304 40.0918 21.7591
internal_count=1041 995 402 593 46
is_linear=0
shrinkage=0.02


Tree=34
num_leaves=6
num_cat=0
split_feature=2 2 0 0 2
split_gain=39.6201 8.30569 1.79753 1.37837 0.168262
threshold=-2.3897392749786373 -9.7021927833557111 0.71167418360710155 0.75785130262374889 1.0000000180025095e-35
decision_type=2 2 2 2 2
left_child=1 2 -1 -3 -2
right_child=4 3 -4 -5 -6
leaf_value=-0.022718164288842903 0.010092434897418567 -0.012424691796260875 -0.010824878406691104 0.0016139318742802761 0.022609881843415641
leaf_weight=7.505231136456131 3.5253082811832455 2.0937270671129253 31.644162811338902 27.763329364359379 21.065130297094584
leaf_count=105 26 24 478 323 55
internal_value=4.17824e-05 -0.00772227 -0.0136638 0.000193909 0.021358
internal_weight=93.5969 69.0065 39.1494 29.8571 24.5904
internal_count=1011 930 583 347 81
is_linear=0
shrinkage=0.02


Tree=35
num_leaves=6
num_cat=0
split_feature=1 0 1 1 2
split_gain=36.5232 7.51679 3.36962 1.04226 0.992364
threshold=0.99999991059303295 0.75785130262374889 0.3448490202426911 1.0000000180025095e-35 -4.9557979106903067
decision_type=2 2 2 2 2
left_child=1 3 -3 -1 -2
right_child=4 2 -4 -5 -6
leaf_value=-0.0023703208877325467 0 -0.0059116063521214481 0.0069830800343177266 -0.018876031169101734 0.023678204540733758
leaf_weight=2.2956114672124412 0.70448056608438747 38.407681604847312 9.1829698346555215 19.571305356919765 18.056790500879288
leaf_count=30 4 568 83 281 38
internal_value=-0.00120032 -0.00794763 -0.00328981 -0.0174101 0.0228163
internal_weight=88.2188 69.4576 47.5907 21.8669 18.7613
internal_count=1004 962 651 311 42
is_linear=0
shrinkage=0.02


Tree=36
num_leaves=5
num_cat=0
split_feature=1 2 1 3
split_gain=39.784 8.9702 1.84519 1.3425
threshold=0.99999991059303295 -8.3875465393066388 0.0025659998646005992 0.55000001192092907
decision_type=2 2 2 2
left_child=1 2 -1 -3
right_child=-2 3 -4 -5
leaf_value=-0.0036392412804165737 0.023170887847638495 -0.0025040930462960167 -0.014368774178336928 0.0071545303229569217
leaf_weight=9.2541199661791307 20.78440099209547 9.2684719804674405 38.890686005353928 11.923759683966635
leaf_count=128 48 124 576 133
internal_value=-0.000427817 -0.00775903 -0.0124631 0.0029177
internal_weight=90.1214 69.337 48.1448 21.1922
internal_count=1009 961 704 257
is_linear=0
shrinkage=0.02


Tree=37
num_leaves=5
num_cat=0
split_feature=1 0 0 3
split_gain=34.5462 9.08292 2.87518 0.91484
threshold=0.99999991059303295 0.79407751560211193 0.72587713599205028 0.35000000894069677
decision_type=2 2 2 2
left_child=1 2 -1 -3
right_child=-2 3 -4 -5
leaf_value=-0.020821825699626588 0.023260622857374336 -0.0064253386436963116 -0.0079175846279630532 0.0060923219240778164
leaf_weight=8.6955290604382736 20.078301467001438 1.6625488586723829 39.575306218117476 19.52985811419785
leaf_count=125 45 24 584 224
internal_value=0.000785541 -0.0059204 -0.0106582 0.00477491
internal_weight=89.5415 69.4632 48.2708 21.1924
internal_count=1002 957 709 248
is_linear=0
shrinkage=0.02


Tree=38
num_leaves=6
num_cat=0
split_feature=1 0 1 1 0
split_gain=36.0086 7.02932 2.40041 1.35211 1.23435
threshold=0.99999991059303295 0.79428899288177501 0.23848270624876025 0.61308348178863536 0.78731319308280956
decision_type=2 2 2 2 2
left_child=1 2 -1 -3 -2
right_child=4 3 -4 -5 -6
leaf_value=-0.01425831398881623 0.0014414063697266138 0.00093255195938640463 -0.0047440350690734967 0.015766169092488302 0.023796061307564637
leaf_weight=29.812599513679743 1.3795660957694078 17.6404537037015 19.503176670521498 1.9640577100217331 19.721876710653305
leaf_count=512 5 235 212 6 45
internal_value=0.000286091 -0.00672893 -0.0107045 0.00320876 0.0225564
internal_weight=90.0217 68.9203 49.3158 19.6045 21.1014
internal_count=1015 965 724 241 50
is_linear=0
shrinkage=0.02


Tree=39
num_leaves=6
num_cat=0
split_feature=1 0 1 1 0
split_gain=35.4541 9.09414 2.4878 2.33169 1.18239
threshold=0.87100014090538036 0.77392658591270458 0.17766188085079196 0.23848270624876025 0.76272457838058483
decision_type=2 2 2 2 2
left_child=1 3 -3 -1 -2
right_child=4 2 -4 -5 -6
leaf_value=-0.019794086355744728 0.0011267723071377569 -0.0050361366973672873 0.0053380964129975854 -0.0079904285225516382 0.023108916165298334
leaf_weight=17.315681761130691 1.3406097218394304 18.647269029170275 16.44893597625196 15.266731310635803 19.617303021252155
leaf_count=317 8 291 194 170 47
internal_value=-0.000192351 -0.00728498 -0.000105336 -0.0147256 0.0219092
internal_weight=88.6365 67.6786 35.0962 32.5824 20.9579
internal_count=1027 972 485 487 55
is_linear=0
shrinkage=0.02


Tree=40
num_leaves=6
num_cat=0
split_feature=1 0 1 0 0
split_gain=31.6286 6.74751 5.05226 2.19969 0.936256
threshold=0.99999991059303295 0.75649887323379528 0.39943000674247747 0.787500560283661 0.7838646173477174
decision_type=2 2 2 2 2
left_child=1 -1 -3 4 -2
right_child=3 2 -4 -5 -6
leaf_value=-0.016204014469877858 -0.012806119878411298 -0.0055731470422978723 0.010126468142964258 0.023122138097311722 0.008580830439165214
leaf_weight=19.385137837380171 0.5695227682590509 38.633220849558711 9.3126924782991392 18.8344521895051 0.67463567852973938
leaf_count=293 2 598 71 46 2
internal_value=4.6528e-05 -0.00653834 -0.00233831 0.0214855 -0.00166197
internal_weight=87.4097 67.3311 47.9459 20.0786 1.24416
internal_count=1012 962 669 50 4
is_linear=0
shrinkage=0.02


Tree=41
num_leaves=6
num_cat=0
split_feature=0 2 5 0 2
split_gain=31.9332 8.29046 1.39301 1.34213 0.930303
threshold=0.81450518965721141 -10.612351417541502 1.0000000180025095e-35 0.77392658591270458 -7.9538950920104972
decision_type=2 2 2 2 2
left_child=1 3 -3 -1 -2
right_child=4 2 -4 -5 -6
leaf_value=-0.017998236031911446 -0.00068425051729415572 -0.0028158953321665591 0.0076772398799392618 -0.0047768689785532134 0.020246268538880313
leaf_weight=21.534618852660063 0.6239979043602969 31.233972305431962 4.9608581960201255 5.0966462716460219 22.202650219202042
leaf_count=339 9 419 60 74 98
internal_value=-0.000150658 -0.00754724 -0.0011562 -0.0158048 0.0195855
internal_weight=85.6527 62.8261 36.1948 26.6313 22.8266
internal_count=999 892 479 413 107
is_linear=0
shrinkage=0.02


Tree=42
num_leaves=6
num_cat=0
split_feature=2 2 1 1 1
split_gain=28.2225 4.86832 4.65772 4.07912 2.76553
threshold=-5.270455837249755 -9.7279815673828107 0.90680906176567089 0.19726779311895373 1.0000000180025095e-35
decision_type=2 2 2 2 2
left_child=1 4 -2 -3 -1
right_child=2 3 -4 -5 -6
leaf_value=0.00010197818037379796 0.0048565502794038285 -0.007125145481492943 0.023349828289623564 0.0095052757005841624 -0.013853289858796468
leaf_weight=6.5865994896739712 9.0628424622118491 11.868593702092769 17.431201621890068 9.8737587686628085 30.065127747133374
leaf_count=95 106 189 43 95 494
internal_value=0.000737273 -0.0070026 0.0175033 0.000425087 -0.0113562
internal_weight=84.8881 58.3941 26.494 21.7424 36.6517
internal_count=1022 873 149 284 589
is_linear=0
shrinkage=0.02


Tree=43
num_leaves=6
num_cat=0
split_feature=1 2 1 1 2
split_gain=31.3532 6.74121 4.24881 2.21297 0.466365
threshold=0.99999991059303295 -10.438761711120604 0.39943000674247747 1.0000000180025095e-35 -4.9557979106903067
decision_type=2 2 2 2 2
left_child=1 3 -3 -1 -2
right_child=4 2 -4 -5 -6
leaf_value=-0.0019788337709409735 0.003762471530425904 -0.0042999341342049189 0.010903607362216182 -0.016323824843656014 0.023149607802180946
leaf_weight=6.0639271698892143 1.2100284919142748 29.756108524277806 8.6461301408708078 22.051664032042027 17.845645532011986
leaf_count=83 5 470 66 363 44
internal_value=0.000291581 -0.00621082 -0.0006363 -0.0134728 0.0222672
internal_weight=85.5735 66.5178 38.4022 28.1156 19.0557
internal_count=1031 982 536 446 49
is_linear=0
shrinkage=0.02


Tree=44
num_leaves=5
num_cat=0
split_feature=1 0 1 1
split_gain=30.8162 6.81111 2.3552 0.548846
threshold=0.99999991059303295 0.75649887323379528 0.3448490202426911 0.40184138715267187
decision_type=2 2 2 2
left_child=1 3 -3 -1
right_child=-2 2 -4 -5
leaf_value=-0.019884864703941685 0.022166780032672403 -0.0047573175941961563 0.00587915885293884 -0.0092134176502172514
leaf_weight=11.484394658356907 18.12976747751236 36.34469791688025 9.6604908555746061 6.8252272903919211
leaf_count=204 47 587 94 80
internal_value=-0.000135277 -0.00669578 -0.00240369 -0.0166936
internal_weight=82.4446 64.3148 46.0052 18.3096
internal_count=1012 965 681 284
is_linear=0
shrinkage=0.02


Tree=45
num_leaves=5
num_cat=0
split_feature=1 2 1 3
split_gain=25.8563 6.46178 4.18268 1.23318
threshold=0.99999991059303295 -10.506721496582029 0.46880696713924414 0.55000001192092907
decision_type=2 2 2 2
left_child=1 3 -3 -1
right_child=-2 2 -4 -5
leaf_value=-0.017711587538355719 0.021664799762901463 -0.0045203602024993742 0.012471252930934561 -0.0070073103700897289
leaf_weight=16.906789872795347 14.685583293437956 31.069167006760836 6.0539028458297244 9.2806931473314744
leaf_count=307 42 487 34 127
internal_value=-0.00134647 -0.00696917 -0.00144252 -0.0143889
internal_weight=77.9961 63.3106 37.1231 26.1875
internal_count=997 955 521 434
is_linear=0
shrinkage=0.02


Tree=46
num_leaves=6
num_cat=0
split_feature=2 2 1 1 3
split_gain=26.2943 4.1728 2.43001 2.21568 1.61512
threshold=-2.7786620855331416 -8.3875465393066388 0.90680906176567089 0.55139848589897167 0.55000001192092907
decision_type=2 2 2 2 2
left_child=1 3 -2 -1 -3
right_child=2 4 -4 -5 -6
leaf_value=-0.01145294075621915 0.0032655785284873879 -0.0046104665316786539 0.022407555058552735 0.0009274047124396001 0.0077952951734005871
leaf_weight=37.561247255653143 3.868652448058131 6.4811281803995362 16.618322692811489 6.288482502102851 8.4341074265539628
leaf_count=635 43 110 46 55 104
internal_value=0.000209993 -0.00658965 0.0192062 -0.00965179 0.00232797
internal_weight=79.2519 58.765 20.487 43.8497 14.9152
internal_count=993 904 89 690 214
is_linear=0
shrinkage=0.02


end of trees

feature_importances:
bm25_score_normalized=91
cross_encoder_score=67
dense_score=55
recency_score=10
keyword_overlap=4

parameters:
[boosting: gbdt]
[objective: lambdarank]
[metric: ndcg]
[tree_learner: serial]
[device_type: cpu]
[data_sample_strategy: bagging]
[data: ]
[valid: ]
[num_iterations: 300]
[learning_rate: 0.02]
[num_leaves: 6]
[num_threads: 0]
[seed: 42]
[deterministic: 0]
[force_col_wise: 1]
[force_row_wise: 0]
[histogram_pool_size: -1]
[max_depth: 3]
[min_data_in_leaf: 2]
[min_sum_hessian_in_leaf: 0.001]
[bagging_fraction: 0.8]
[pos_bagging_fraction: 1]
[neg_bagging_fraction: 1]
[bagging_freq: 1]
[bagging_seed: 400]
[bagging_by_query: 0]
[feature_fraction: 0.7]
[feature_fraction_bynode: 1]
[feature_fraction_seed: 30056]
[extra_trees: 0]
[extra_seed: 12879]
[early_stopping_round: 0]
[early_stopping_min_delta: 0]
[first_metric_only: 0]
[max_delta_step: 0]
[lambda_l1: 0.1]
[lambda_l2: 1]
[linear_lambda: 0]
[min_gain_to_split: 0.01]
[drop_rate: 0.1]
[max_drop: 50]
[skip_drop: 0.5]
[xgboost_dart_mode: 0]
[uniform_drop: 0]
[drop_seed: 17869]
[top_rate: 0.2]
[other_rate: 0.1]
[min_data_per_group: 100]
[max_cat_threshold: 32]
[cat_l2: 10]
[cat_smooth: 10]
[max_cat_to_onehot: 4]
[top_k: 20]
[monotone_constraints: ]
[monotone_constraints_method: basic]
[monotone_penalty: 0]
[feature_contri: ]
[forcedsplits_filename: ]
[refit_decay_rate: 0.9]
[cegb_tradeoff: 1]
[cegb_penalty_split: 0]
[cegb_penalty_feature_lazy: ]
[cegb_penalty_feature_coupled: ]
[path_smooth: 0]
[interaction_constraints: ]
[verbosity: -1]
[saved_feature_importance_type: 0]
[use_quantized_grad: 0]
[num_grad_quant_bins: 4]
[quant_train_renew_leaf: 0]
[stochastic_rounding: 1]
[linear_tree: 0]
[max_bin: 255]
[max_bin_by_feature: ]
[min_data_in_bin: 3]
[bin_construct_sample_cnt: 200000]
[data_random_seed: 175]
[is_enable_sparse: 1]
[enable_bundle: 1]
[use_missing: 1]
[zero_as_missing: 0]
[feature_pre_filter: 1]
[pre_partition: 0]
[two_round: 0]
[header: 0]
[label_column: ]
[weight_column: ]
[group_column: ]
[ignore_column: ]
[categorical_feature: ]
[forcedbins_filename: ]
[precise_float_parser: 0]
[parser_config_file: ]
[objective_seed: 16083]
[num_class: 1]
[is_unbalance: 0]
[scale_pos_weight: 1]
[sigmoid: 1]
[boost_from_average: 1]
[reg_sqrt: 0]
[alpha: 0.9]
[fair_c: 1]
[poisson_max_delta_step: 0.7]
[tweedie_variance_power: 1.5]
[lambdarank_truncation_level: 30]
[lambdarank_norm: 1]
[label_gain: ]
[lambdarank_position_bias_regularization: 0]
[eval_at: 5]
[multi_error_top_k: 1]
[auc_mu_weights: ]
[num_machines: 1]
[local_listen_port: 12400]
[time_out: 120]
[machine_list_filename: ]
[machines: ]
[gpu_platform_id: -1]
[gpu_device_id: -1]
[gpu_device_id_list: ]
[gpu_use_dp: 0]
[num_gpu: 1]

end of parameters

pandas_categorical:null
